



[0m[38;2;19;26;34m                                                 [38;2;19;26;34m [38;2;19;26;34m [38;2;19;26;34m [38;2;19;26;34m                                              [38;2;19;26;34m [0m
[0m[38;2;19;26;34m                                               [38;2;20;27;33m [38;2;86;37;37m.[38;2;49;31;33m.[38;2;18;26;33m [38;2;19;26;34m [38;2;19;26;34m                                              [38;2;19;26;34m [0m
[0m[38;2;19;26;34m                                  [38;2;19;26;34m [38;2;19;26;34m [38;2;33;29;34m.[38;2;19;26;34m [38;2;19;26;34m [38;2;19;26;34m      [38;2;19;26;34m [38;2;19;26;34m [38;2;20;26;31m [38;2;164;52;42m,[38;2;22;26;35m [38;2;20;26;35m [38;2;19;26;34m [38;2;19;26;34m [38;2;19;26;33m [38;2;41;33;34m.[38;2;19;26;33m [38;2;19;26;34m                                          [38;2;20;26;34m [0m
[0m[38;2;19;26;34m                                  [38;2;19;26;34m [38;2;41;29;34m.[38;2;124;46;39m'[38;2;20;26;32m [38;2;19;26;33m [38;2;19;26;34m    [38;2;20;27;34m [38;2;20;26;34m [38;2;42;31;36m.[38;2;18;26;36m [38;2;18;26;34m [38;2;75;36;33m.[38;2;202;59;42m:[38;2;159;50;39m,[38;2;73;35;37m.[38;2;19;26;34m [38;2;19;26;34m [38;2;34;31;34m.[38;2;18;27;33m [38;2;35;30;33m.[38;2;19;26;34m                                         [38;2;20;26;34m [0m
[0m[38;2;19;26;34m                                  [38;2;19;26;34m [38;2;20;26;34m [38;2;20;25;34m [38;2;20;26;34m [38;2;23;26;34m [38;2;19;25;34m [38;2;19;26;35m   [38;2;19;26;35m [38;2;19;26;34m [38;2;19;26;35m [38;2;40;31;35m.[38;2;26;27;34m [38;2;52;32;34m/[38;2;221;60;43m:[38;2;253;65;44mc[38;2;251;65;45mc[38;2;123;44;39m'[38;2;19;26;34m [38;2;19;26;34m [38;2;19;26;34m [38;2;18;27;35m [38;2;19;26;35m [38;2;19;26;34m     [38;2;19;26;34m [38;2;32;28;34m.[38;2;19;26;35m [38;2;19;26;34m [38;2;19;26;34m                               [38;2;20;26;34m [0m
[0m[38;2;19;26;34m                                    [38;2;20;26;34m [38;2;20;26;35m [38;2;49;35;36m.[38;2;21;26;32m [38;2;19;26;35m [38;2;22;26;35m [38;2;124;44;39m'[38;2;79;36;37m.[38;2;20;26;34m [38;2;20;26;36m [38;2;45;31;34m/[38;2;151;48;38m,[38;2;243;64;45mc[38;2;253;65;44mc[38;2;253;65;43mc[38;2;251;65;44mc[38;2;99;39;36m.[38;2;19;26;34m [38;2;32;28;36m.[38;2;21;25;33m [38;2;19;26;34m [38;2;19;26;34m [38;2;22;29;37m [38;2;19;26;34m [38;2;19;26;34m   [38;2;46;30;34m.[38;2;200;57;45m/[38;2;30;28;34m.[38;2;19;26;34m [38;2;19;26;34m                               [38;2;20;26;34m [0m
[0m[38;2;19;26;34m                                      [38;2;19;26;34m [38;2;31;29;33m.[38;2;20;26;35m [38;2;19;26;35m [38;2;70;35;36m.[38;2;25;27;33m [38;2;18;27;34m [38;2;112;43;39m.[38;2;237;64;44mc[38;2;253;65;43mc[38;2;251;91;50mo[38;2;248;116;57md[38;2;254;65;43mc[38;2;168;51;40m,[38;2;20;27;35m [38;2;18;27;35m [38;2;138;44;40m'[38;2;18;27;34m [38;2;19;26;34m [38;2;19;26;34m [38;2;19;26;34m [38;2;19;26;34m [38;2;19;26;34m   [38;2;19;26;34m [38;2;23;26;33m [38;2;19;26;34m [38;2;19;26;34m [38;2;19;26;34m                               [38;2;20;26;34m [0m
[0m[38;2;19;26;34m                  [38;2;19;26;34m [38;2;19;26;34m [38;2;19;26;35m=[38;2;19;26;35m=[38;2;19;26;35m=[38;2;19;26;34m=[38;2;19;26;34m=[38;2;19;26;34m [38;2;19;26;34m           [38;2;28;27;33m [38;2;19;26;34m [38;2;19;26;34m [38;2;37;29;33m.[38;2;93;39;37m.[38;2;19;27;34m [38;2;18;27;34m [38;2;58;31;35m|[38;2;251;67;43mc[38;2;253;65;43mc[38;2;251;73;45ml[38;2;252;182;72mO[38;2;250;123;59md[38;2;253;65;42mc[38;2;179;54;42m;[38;2;23;28;33m [38;2;19;27;33m [38;2;189;55;43m;[38;2;91;38;36m.[38;2;19;26;33m [38;2;19;26;34m [38;2;24;28;34m [38;2;49;37;37m.[38;2;19;26;34m [38;2;19;26;34m [38;2;23;29;37m [38;2;19;26;35m [38;2;19;26;34m [38;2;19;26;34m         [38;2;19;26;34m=[38;2;19;26;34m=[38;2;19;26;34m=[38;2;19;26;34m=[38;2;19;26;34m=[38;2;19;26;34m                   [38;2;20;26;34m [0m
[0m[38;2;19;26;34m               [38;2;19;26;34m [38;2;19;26;34m=[38;2;25;30;37m/[38;2;68;67;60m'[38;2;109;100;82m:[38;2;120;104;79m:[38;2;152;119;85ml[38;2;163;126;86ml[38;2;157;121;82ml[38;2;143;111;76mc[38;2;108;87;64m;[38;2;99;83;64m,[38;2;48;45;45m=[38;2;20;26;34m=[38;2;19;26;34m=[38;2;19;26;34m [38;2;19;26;34m [38;2;19;26;34m [38;2;19;26;34m [38;2;20;26;34m [38;2;28;29;34m.[38;2;28;27;33m [38;2;24;27;34m [38;2;20;26;33m [38;2;20;26;33m [38;2;72;36;37m.[38;2;225;62;43m:[38;2;101;40;38m.[38;2;29;28;35m.[38;2;33;27;34m/[38;2;215;62;41m:[38;2;253;65;43mc[38;2;251;77;46ml[38;2;254;191;76m0[38;2;253;185;72m0[38;2;251;94;50mo[38;2;253;65;44mc[38;2;191;56;41m;[38;2;49;32;32m.[38;2;50;31;35m.[38;2;209;59;42m:[38;2;180;54;39m;[38;2;51;33;37m.[38;2;19;27;34m [38;2;29;29;36m.[38;2;19;26;34m [38;2;19;26;34m [38;2;38;29;34m.[38;2;42;30;35m.[38;2;19;26;34m [38;2;19;26;34m    [38;2;19;26;34m [38;2;19;26;35m=[38;2;40;41;43m=[38;2;89;76;59m,[38;2;108;88;65m;[38;2;146;113;76mc[38;2;159;122;83ml[38;2;156;120;84ml[38;2;142;116;83mc[38;2;119;103;81m:[38;2;107;97;80m;[38;2;73;69;63m'[38;2;24;28;36m [38;2;20;26;34m=[38;2;19;26;34m               [38;2;20;26;34m [0m
[0m[38;2;19;26;34m             [38;2;19;26;34m [38;2;22;27;35m [38;2;67;64;58m'[38;2;147;128;101m=[38;2;107;94;82m;[38;2;130;113;93mc[38;2;70;67;59m'[38;2;132;106;85mc[38;2;106;89;74m;[38;2;96;80;71m\[38;2;201;152;103m/[38;2;124;98;74m:[38;2;166;127;89mo[38;2;154;119;82ml[38;2;168;130;93mo[38;2;170;130;92mo[38;2;124;101;73m:[38;2;80;70;60m\[38;2;28;31;36m=[38;2;20;26;34m [38;2;20;25;34m [38;2;31;29;36m.[38;2;24;25;35m [38;2;182;52;44m;[38;2;65;33;34m.[38;2;47;28;34m.[38;2;71;28;34m.[38;2;91;30;34m.[38;2;201;53;40m;[38;2;254;65;44mc[38;2;216;57;41m:[38;2;145;32;33m'[38;2;171;37;34m,[38;2;252;65;42mc[38;2;252;66;43mc[38;2;251;158;68mk[38;2;254;193;76m0[38;2;253;182;73mO[38;2;251;88;50ml[38;2;252;67;44mc[38;2;232;61;42mc[38;2;150;32;35m'[38;2;169;42;38m,[38;2;253;67;44mc[38;2;224;62;41m:[38;2;99;35;35m.[38;2;66;29;34m.[38;2;45;28;35m.[38;2;117;42;37m'[38;2;171;53;39m,[38;2;23;28;34m [38;2;19;27;33m [38;2;23;27;33m [38;2;35;31;36m.[38;2;20;27;34m=[38;2;61;54;48m=[38;2;115;90;67m;[38;2;161;122;82ml[38;2;170;131;86mo[38;2;156;121;86ml[38;2;176;137;92m/[38;2;122;97;74m:[38;2;177;136;98m/[38;2;112;91;73m;[38;2;113;92;71m;[38;2;133;104;79m:[38;2;100;92;76m;[38;2;124;108;87mc[38;2;106;91;79m;[38;2;134;120;95m/[38;2;43;44;44m.[38;2;19;26;33m [38;2;19;26;34m [38;2;19;26;34m            [38;2;20;26;34m [0m
[0m[38;2;19;26;34m            [38;2;19;26;35m [38;2;42;42;45m.[38;2;94;84;72m,[38;2;91;83;74m,[38;2;42;41;43m.[38;2;40;40;42m.[38;2;64;57;55m.[38;2;24;30;34m [38;2;42;45;46m.[38;2;20;25;31m [38;2;37;39;44m.[38;2;25;29;37m [38;2;37;37;43m.[38;2;64;58;52m.[38;2;108;89;83m\[38;2;178;137;101m=[38;2;142;111;82mc[38;2;142;116;89mc[38;2;179;140;98md[38;2;181;140;99md[38;2;118;96;73m\[38;2;39;39;40m=[38;2;61;28;35m=[38;2;105;32;35m/[38;2;231;61;43m:[38;2;203;49;39m;[38;2;166;33;33m'[38;2;165;33;33m'[38;2;204;48;38m;[38;2;251;66;44mc[38;2;251;65;44mc[38;2;185;39;34m,[38;2;167;33;33m'[38;2;172;35;34m,[38;2;251;65;43mc[38;2;252;66;43mc[38;2;252;166;70mO[38;2;255;192;78m0[38;2;254;192;77m0[38;2;249;130;61mx[38;2;250;86;50ml[38;2;251;69;43mc[38;2;199;47;38m;[38;2;222;56;39m:[38;2;253;66;42mc[38;2;252;66;41mc[38;2;236;61;43mc[38;2;166;32;34m'[38;2;171;34;32m'[38;2;250;65;44mc[38;2;185;49;39m;[38;2;91;30;33m.[38;2;58;28;34m.[38;2;43;39;39m/[38;2;124;95;71m:[38;2;156;123;86ml[38;2;184;143;101md[38;2;150;120;90ml[38;2;163;125;89m=[38;2;192;145;102m/[38;2;116;91;76m;[38;2;74;64;57m'[38;2;47;45;49m.[38;2;26;32;40m.[38;2;33;38;42m.[38;2;20;27;34m [38;2;39;41;46m.[38;2;17;24;31m [38;2;55;52;53m.[38;2;38;38;40m.[38;2;47;44;47m.[38;2;104;93;76m;[38;2;76;67;61m'[38;2;28;32;38m.[38;2;19;26;34m [38;2;19;26;34m           [38;2;20;26;34m [0m
[0m[38;2;19;26;34m            [38;2;19;24;32m [38;2;79;69;63m'[38;2;41;42;45m.[38;2;57;52;52m.[38;2;59;56;54m.[38;2;55;51;50m.[38;2;37;39;43m.[38;2;56;52;52m.[38;2;54;53;54m.[38;2;56;53;53m.[38;2;76;70;68m'[38;2;51;49;52m.[38;2;38;39;43m.[38;2;18;26;32m [38;2;30;34;41m.[38;2;25;31;37m.[38;2;64;63;56m.[38;2;110;91;81m;[38;2;143;111;79m=[38;2;139;108;76mc[38;2;186;142;95md[38;2;203;153;103mx[38;2;172;101;74mc[38;2;205;76;53mc[38;2;235;59;42m:[38;2;172;34;34m,[38;2;166;33;32m'[38;2;166;32;32m'[38;2;244;64;43mc[38;2;252;66;43mc[38;2;249;65;44mc[38;2;188;42;34m,[38;2;176;37;34m,[38;2;219;55;42m:[38;2;252;68;44mc[38;2;249;128;59md[38;2;253;191;76m0[38;2;254;193;76m0[38;2;255;192;77m0[38;2;248;128;61md[38;2;249;89;50ml[38;2;250;87;49ml[38;2;250;80;46ml[38;2;252;66;42mc[38;2;253;65;43mc[38;2;253;65;43mc[38;2;242;63;43mc[38;2;166;32;35m'[38;2;167;32;34m'[38;2;249;65;44mc[38;2;250;65;43mc[38;2;180;56;43m;[38;2;173;91;68mc[38;2;188;143;98md[38;2;177;137;96mo[38;2;144;113;83mc[38;2;151;116;87m=[38;2;133;107;93m/[38;2;59;57;56m.[38;2;25;30;35m.[38;2;29;32;37m.[38;2;20;25;32m [38;2;46;46;48m.[38;2;41;43;46m.[38;2;75;71;67m'[38;2;51;51;52m.[38;2;52;52;53m.[38;2;47;47;49m.[38;2;36;40;42m.[38;2;56;51;51m.[38;2;63;56;56m.[38;2;53;49;50m.[38;2;58;52;50m.[38;2;70;61;57m.[38;2;19;26;34m [38;2;19;26;35m [38;2;19;26;34m          [38;2;20;26;34m [0m
[0m[38;2;19;26;34m           [38;2;20;25;35m [38;2;53;51;49m.[38;2;40;39;42m.[38;2;74;65;59m'[38;2;36;37;41m.[38;2;22;26;35m [38;2;19;26;34m [38;2;19;26;34m [38;2;19;26;34m [38;2;19;26;34m [38;2;20;26;34m [38;2;21;25;34m [38;2;34;36;41m.[38;2;50;50;52m.[38;2;57;55;57m.[38;2;69;66;65m'[38;2;21;25;32m [38;2;24;30;35m [38;2;21;27;32m [38;2;38;38;41m.[38;2;100;82;72m,[38;2;106;86;73m;[38;2;116;95;80m:[38;2;154;120;91ml[38;2;184;141;99md[38;2;164;106;75mc[38;2;153;49;45m,[38;2;167;32;35m'[38;2;166;32;35m'[38;2;234;60;41m:[38;2;251;67;43mc[38;2;250;82;46ml[38;2;249;85;47ml[38;2;249;83;47ml[38;2;249;86;48ml[38;2;248;90;50ml[38;2;253;182;76m0[38;2;251;182;73mO[38;2;250;163;69mk[38;2;254;193;76m0[38;2;253;187;76m0[38;2;250;125;59md[38;2;249;90;49ml[38;2;248;90;49ml[38;2;251;68;43mc[38;2;253;65;43mc[38;2;252;66;43mc[38;2;208;49;38m;[38;2;167;33;37m'[38;2;165;32;34m'[38;2;216;72;50mc[38;2;194;106;71ml[38;2;179;135;91mo[38;2;154;120;84ml[38;2;128;101;77m:[38;2;139;109;84mc[38;2;113;93;80m/[38;2;42;40;41m.[38;2;19;26;34m [38;2;25;29;38m.[38;2;19;26;34m [38;2;47;48;52m.[38;2;58;55;59m.[38;2;58;54;57m.[38;2;49;51;54m.[38;2;22;27;33m [38;2;20;26;33m [38;2;19;26;34m [38;2;19;26;34m [38;2;19;26;34m [38;2;19;26;34m [38;2;19;26;34m [38;2;40;41;44m.[38;2;67;61;57m.[38;2;42;40;42m.[38;2;45;46;49m.[38;2;20;25;34m [38;2;19;26;34m          [38;2;20;26;34m [0m
[0m[38;2;19;26;34m           [38;2;19;26;34m [38;2;54;50;48m.[38;2;53;53;49m.[38;2;42;42;45m.[38;2;20;26;34m [38;2;20;26;34m [38;2;19;26;34m [38;2;19;26;34m   [38;2;19;26;34m [38;2;19;26;34m [38;2;19;26;34m [38;2;20;26;34m [38;2;26;26;33m [38;2;103;42;44m.[38;2;117;58;57m,[38;2;85;67;64m'[38;2;35;37;41m.[38;2;24;29;36m [38;2;22;27;35m [38;2;46;46;45m.[38;2;100;81;73m,[38;2;115;91;75m;[38;2;104;82;70m;[38;2;124;96;79m:[38;2;158;120;88ml[38;2;170;96;71mc[38;2;167;45;41m,[38;2;243;63;44mc[38;2;250;89;51ml[38;2;250;153;65mk[38;2;248;91;49mo[38;2;249;89;50ml[38;2;250;120;58md[38;2;248;140;60mx[38;2;254;189;74m0[38;2;254;191;74m0[38;2;248;122;59md[38;2;251;176;72mO[38;2;255;192;77m0[38;2;252;169;72mO[38;2;249;90;50ml[38;2;248;90;50ml[38;2;250;81;47ml[38;2;247;133;59mx[38;2;251;69;43mc[38;2;246;65;41mc[38;2;201;53;42m;[38;2;181;92;71mc[38;2;169;126;92mo[38;2;128;99;84m:[38;2;119;94;79m:[38;2;129;102;85m:[38;2;121;94;84m/[38;2;45;43;41m.[38;2;20;26;34m [38;2;22;29;37m [38;2;25;29;35m [38;2;90;77;74m,[38;2;99;58;57m'[38;2;90;47;48m.[38;2;21;25;34m [38;2;21;25;36m [38;2;19;26;34m [38;2;19;26;34m [38;2;19;26;34m [38;2;19;26;34m     [38;2;19;26;33m [38;2;62;62;57m.[38;2;45;43;45m.[38;2;51;50;52m.[38;2;20;25;35m [38;2;19;26;34m          [38;2;20;26;34m [0m
[0m[38;2;19;26;34m           [38;2;19;26;34m [38;2;49;47;49m.[38;2;63;57;56m.[38;2;40;40;41m.[38;2;19;26;33m [38;2;19;26;34m       [38;2;19;26;34m [38;2;80;29;36m.[38;2;167;33;34m'[38;2;190;35;35m,[38;2;189;35;35m,[38;2;175;36;38m,[38;2;136;55;55m,[38;2;86;63;64m'[38;2;30;31;35m.[38;2;21;26;32m [38;2;21;26;32m [38;2;48;44;45m.[38;2;93;76;74m,[38;2;103;83;79m;[38;2;112;94;83m;[38;2;129;106;92mc[38;2;135;101;86m:[38;2;189;91;68mc[38;2;249;159;67mk[38;2;253;189;76m0[38;2;247;97;49mo[38;2;249;90;50ml[38;2;250;143;65mx[38;2;254;192;75m0[38;2;252;161;67mk[38;2;250;124;58md[38;2;251;162;69mk[38;2;254;192;77m0[38;2;255;192;76m0[38;2;248;137;62mx[38;2;249;90;50ml[38;2;249;90;49ml[38;2;250;123;58md[38;2;249;181;70mO[38;2;250;102;52mo[38;2;203;82;54mc[38;2;156;108;83mc[38;2;148;118;101ml[38;2;127;101;86m:[38;2;113;92;84m;[38;2;111;88;85m/[38;2;52;46;46m.[38;2;23;26;36m [38;2;20;25;33m [38;2;20;25;32m [38;2;71;61;61m'[38;2;119;55;53m'[38;2;165;39;42m,[38;2;189;35;36m,[38;2;190;36;37m,[38;2;144;34;35m'[38;2;57;28;33m.[38;2;21;26;33m [38;2;21;25;34m [38;2;19;26;34m [38;2;19;26;34m     [38;2;18;26;34m [38;2;49;49;49m.[38;2;54;52;51m.[38;2;46;46;48m.[38;2;21;25;33m [38;2;19;26;34m [38;2;19;26;34m         [38;2;20;26;34m [0m
[0m[38;2;19;26;34m           [38;2;19;26;34m [38;2;22;26;32m [38;2;61;57;57m.[38;2;81;69;64m'[38;2;19;26;35m [38;2;19;26;34m [38;2;19;26;34m    [38;2;19;26;34m [38;2;39;28;34m.[38;2;139;33;36m'[38;2;189;35;35m,[38;2;190;35;35m,[38;2;190;34;35m,[38;2;190;34;35m,,[38;2;192;36;36m,[38;2;213;59;44m:[38;2;149;70;61m;[38;2;60;53;52m.[38;2;20;25;32m [38;2;20;25;32m [38;2;21;26;34m [38;2;59;56;55m.[38;2;68;57;59m.[38;2;117;92;91m:[38;2;130;103;97mc[38;2;148;115;102ml[38;2;155;123;70ml[38;2;219;129;66md[38;2;250;92;49mo[38;2;250;122;58md[38;2;253;182;73mO[38;2;251;160;67mk[38;2;249;90;49ml[38;2;249;141;63mx[38;2;253;192;75m0[38;2;252;170;71mO[38;2;254;193;76m0[38;2;250;143;62mx[38;2;249;90;51ml[38;2;249;91;49mo[38;2;247;102;52mo[38;2;231;169;72m=[38;2;182;145;81md[38;2;136;107;89mc[38;2;138;110;100mc[38;2;139;111;103m/[38;2;94;81;77m,[38;2;41;43;44m.[38;2;22;26;32m [38;2;21;25;34m [38;2;21;25;35m [38;2;52;49;52m.[38;2;109;61;56m'[38;2;196;67;50m:[38;2;202;42;36m;[38;2;189;35;36m,[38;2;190;36;37m,[38;2;207;53;40m;[38;2;202;47;38m;[38;2;185;36;35m,[38;2;113;31;34m.[38;2;27;26;35m [38;2;19;26;34m [38;2;19;26;34m     [38;2;18;26;34m/[38;2;90;77;71m,[38;2;63;58;58m.[38;2;19;27;34m [38;2;19;26;34m [38;2;19;26;34m          [38;2;20;26;34m [0m
[0m[38;2;19;26;34m            [38;2;19;26;34m [38;2;21;27;34m [38;2;76;66;63m'[38;2;107;89;80m/[38;2;21;27;34m [38;2;19;26;34m [38;2;19;26;34m  [38;2;22;29;36m [38;2;63;28;34m.[38;2;172;35;35m,[38;2;190;35;35m,[38;2;202;46;37m;[38;2;226;69;42mc[38;2;192;35;35m,[38;2;191;34;35m,[38;2;190;34;35m,[38;2;193;36;36m,[38;2;243;61;42mc[38;2;252;66;44mc[38;2;186;69;53m:[38;2;88;68;66m'[38;2;49;48;50m.[38;2;20;25;32m [38;2;20;26;32m [38;2;20;26;33m [38;2;32;35;42m.[38;2;76;69;67m'[38;2;93;80;78m,[38;2;112;92;87m;[38;2;103;80;72m,[38;2;194;133;72mo[38;2;253;192;77m0[38;2;252;177;73mO[38;2;248;104;53mo[38;2;249;93;50mo[38;2;248;136;61mx[38;2;249;176;72mO[38;2;248;106;53mo[38;2;251;172;71mO[38;2;254;192;76m0[38;2;252;159;68mk[38;2;250;127;58md[38;2;213;93;56ml[38;2;121;90;75m;[38;2;122;98;90m:[38;2;109;88;83m;[38;2;83;73;69m'[38;2;43;42;47m.[38;2;22;28;33m [38;2;20;26;32m [38;2;19;26;32m [38;2;45;45;47m.[38;2;74;63;58m'[38;2;163;66;55m;[38;2;252;66;44mc[38;2;250;65;42mc[38;2;197;39;35m,[38;2;188;35;35m,[38;2;189;35;35m,[38;2;208;52;40m;[38;2;210;54;39m:[38;2;189;35;35m,[38;2;190;35;37m,[38;2;153;34;36m'[38;2;40;26;33m.[38;2;23;27;35m [38;2;20;26;34m [38;2;19;26;34m [38;2;19;26;34m [38;2;20;27;34m [38;2;111;91;85m;[38;2;75;66;61m'[38;2;22;28;33m [38;2;19;26;33m [38;2;19;26;34m           [38;2;20;26;34m [0m
[0m[38;2;19;26;34m             [38;2;19;26;34m [38;2;20;26;35m [38;2;43;42;44m.[38;2;42;42;43m.[38;2;19;26;34m [38;2;19;26;34m [38;2;19;26;34m [38;2;46;39;41m.[38;2;146;59;53m,[38;2;189;36;35m,[38;2;190;35;36m,[38;2;191;37;35m,[38;2;198;44;37m;[38;2;190;35;35m,[38;2;189;35;35m,[38;2;194;43;37m;[38;2;189;35;35m,[38;2;232;56;42m:[38;2;250;69;42mc[38;2;250;90;48ml[38;2;236;76;45mc[38;2;116;85;62m=[38;2;55;53;55m=[38;2;37;40;46m.[38;2;21;27;36m [38;2;21;27;35m [38;2;32;36;42m.[38;2;72;64;67m'[38;2;94;77;77m,[38;2;112;95;89m:[38;2;112;96;85m:[38;2;180;116;70ml[38;2;248;93;51mo[38;2;250;99;50mo[38;2;250;108;51mo[38;2;250;109;51mo[38;2;250;120;56md[38;2;250;110;51md[38;2;250;107;52mo[38;2;251;151;65mk[38;2;254;186;76m=[38;2;215;166;77m/[38;2;121;101;85m:[38;2;105;94;85m;[38;2;105;90;85m;[38;2;111;92;85m/[38;2;43;41;45m.[38;2;24;29;35m [38;2;20;26;32m [38;2;31;36;41m.[38;2;46;46;51m.[38;2;95;67;60m/[38;2;218;85;48mc[38;2;251;83;48ml[38;2;252;67;44mc[38;2;222;51;39m:[38;2;188;35;35m,[38;2;188;35;35m,[38;2;189;35;35m,,,[38;2;189;35;35m,[38;2;189;35;35m,[38;2;188;35;36m,[38;2;142;51;50m,[38;2;43;40;45m.[38;2;19;26;35m [38;2;19;26;34m [38;2;19;26;35m [38;2;45;43;47m.[38;2;45;44;46m.[38;2;18;26;34m [38;2;18;26;34m [38;2;19;26;34m            [38;2;20;26;34m [0m
[0m[38;2;19;26;34m               [38;2;20;26;34m  [38;2;19;26;34m [38;2;19;26;34m [38;2;66;29;35m.[38;2;156;33;39m'[38;2;53;52;53m.[38;2;144;76;66m;[38;2;178;38;38m,[38;2;190;35;34m,[38;2;190;34;35m,[38;2;190;35;35m,[38;2;190;35;35m,[38;2;189;34;37m,[38;2;217;48;40m;[38;2;252;66;42mc[38;2;251;85;46ml[38;2;250;109;50mo[38;2;250;119;54md[38;2;245;182;74mO[38;2;182;143;74m\[38;2;69;61;63m\[38;2;21;25;31m [38;2;21;25;33m [38;2;21;25;34m [38;2;24;28;36m [38;2;47;47;51m.[38;2;78;71;71m'[38;2;82;73;73m,[38;2;74;64;62m'[38;2;134;72;54m;[38;2;208;120;76mo[38;2;207;129;85md[38;2;203;124;79mo[38;2;187;95;56mc[38;2;197;116;76mo[38;2;205;129;87md[38;2;208;123;80mo[38;2;157;82;53m:[38;2;80;70;64m'[38;2;77;68;68m'[38;2;98;83;78m,[38;2;59;55;57m.[38;2;27;31;37m.[38;2;20;25;31m [38;2;21;26;32m [38;2;21;26;32m [38;2;61;58;60m/[38;2;150;111;66mc[38;2;232;106;50mo[38;2;252;109;51md[38;2;251;109;51mo[38;2;251;92;48mo[38;2;244;62;41mc[38;2;196;39;36m,[38;2;188;35;35m,[38;2;189;35;35m,,[38;2;189;35;35m,[38;2;189;35;35m,[38;2;182;36;36m,[38;2;157;74;65m;[38;2;70;59;59m.[38;2;127;32;35m.[38;2;38;27;33m.[38;2;19;26;34m [38;2;20;26;35m [38;2;20;26;34m [38;2;20;26;34m [38;2;19;26;34m              [38;2;20;26;34m [0m
[0m[38;2;19;26;34m                  [38;2;45;28;33m.[38;2;181;35;38m,[38;2;190;35;37m,[38;2;125;44;45m'[38;2;49;46;49m.[38;2;117;92;84m;[38;2;161;80;70m:[38;2;173;47;43m,[38;2;189;34;36m,[38;2;191;37;38m,[38;2;190;34;37m,[38;2;225;52;41m:[38;2;252;66;41mc[38;2;251;75;43ml[38;2;251;107;51mo[38;2;251;113;51md[38;2;250;135;58mx[38;2;250;184;74m0[38;2;158;128;79m\[38;2;67;60;58m.[38;2;44;44;48m.[38;2;30;33;38m.[38;2;21;26;32m [38;2;39;39;45m.[38;2;61;56;58m.[38;2;56;52;55m.[38;2;50;46;48m.[38;2;60;52;55m|[38;2;172;165;136m\[38;2;229;218;172mX[38;2;220;210;165m|[38;2;137;123;106ml[38;2;208;188;152mO[38;2;229;217;171mX[38;2;200;190;152m/[38;2;71;62;64m'[38;2;54;49;54m.[38;2;54;51;57m.[38;2;62;58;63m.[38;2;44;45;52m.[38;2;23;28;36m [38;2;27;32;38m.[38;2;41;43;46m.[38;2;62;57;57m.[38;2;142;116;77m/[38;2;241;184;73mO[38;2;249;137;60mx[38;2;251;109;52mo[38;2;251;109;52mo[38;2;250;98;49mo[38;2;253;65;42mc[38;2;221;51;38m:[38;2;188;35;35m,[38;2;189;35;35m,[38;2;189;35;35m,[38;2;176;41;39m,[38;2;166;75;67m:[38;2;127;92;83m/[38;2;59;54;54m.[38;2;93;39;41m.[38;2;189;35;36m,[38;2;156;34;36m'[38;2;25;26;33m [38;2;19;26;34m [38;2;19;26;34m                [38;2;20;26;34m [0m
[0m[38;2;19;26;34m                [38;2;19;26;34m [38;2;19;26;34m [38;2;141;34;36m'[38;2;189;35;35m,[38;2;190;36;36m,[38;2;188;36;37m,[38;2;114;39;44m.[38;2;36;38;41m.[38;2;59;55;55m.[38;2;105;89;81m;[38;2;134;94;83m:[38;2;139;74;69m;[38;2;159;78;70m:[38;2;191;85;71mc[38;2;219;82;60mc[38;2;219;63;42m:[38;2;239;68;44mc[38;2;250;98;49mo[38;2;250;110;50md[38;2;250;142;59mx[38;2;252;179;71m|[38;2;114;92;67m;[38;2;37;39;43m.[38;2;19;25;31m [38;2;20;26;32m [38;2;20;26;32m [38;2;28;34;38m.[38;2;58;54;56m.[38;2;71;63;65m'[38;2;48;46;49m.[38;2;74;68;64m/[38;2;231;214;170mK[38;2;245;231;181m|[38;2;138;120;104m|[38;2;230;212;170mK[38;2;249;234;185m|[38;2;100;90;78m=[38;2;54;50;52m.[38;2;70;62;63m'[38;2;70;60;62m.[38;2;34;35;40m.[38;2;23;28;34m [38;2;20;25;34m [38;2;20;25;34m [38;2;30;33;37m.[38;2;100;82;68m|[38;2;249;184;75mO[38;2;251;151;64mk[38;2;251;110;51md[38;2;252;109;52md[38;2;247;101;50mo[38;2;227;69;42mc[38;2;220;72;52mc[38;2;198;81;65mc[38;2;176;84;75mc[38;2;149;73;69m;[38;2;147;96;85mc[38;2;122;102;89m/[38;2;70;62;61m'[38;2;35;36;40m.[38;2;91;41;43m.[38;2;183;35;37m,[38;2;190;34;36m,[38;2;189;34;37m,[38;2;97;31;34m.[38;2;18;27;34m [38;2;19;26;34m                [38;2;20;26;34m [0m
[0m[38;2;19;26;34m                [38;2;19;26;34m [38;2;56;29;32m.[38;2;188;35;35m,[38;2;189;35;35m,[38;2;189;35;35m,[38;2;189;35;36m,[38;2;190;35;37m,[38;2;161;38;38m'[38;2;71;40;40m.[38;2;37;39;41m.[38;2;37;40;44m.[38;2;37;37;42m.[38;2;46;42;47m.[38;2;61;54;55m.[38;2;108;93;88m;[38;2;122;108;96mc[38;2;129;113;97m=[38;2;161;130;107m=[38;2;179;135;101m=[38;2;206;136;94m=[38;2;217;133;86m/[38;2;125;86;68m;[38;2;73;66;66m'[38;2;42;42;45m.[38;2;25;29;34m [38;2;26;31;37m.[38;2;33;36;42m.[38;2;50;49;51m=[38;2;52;50;52m=[38;2;93;91;85m/[38;2;210;198;162m0[38;2;236;223;177mX[38;2;249;235;186m|[38;2;115;101;88m|[38;2;233;215;171mX[38;2;248;235;186mN[38;2;209;195;159m|[38;2;117;107;94m\[38;2;54;53;52m=[38;2;54;51;53m=[38;2;37;39;42m.[38;2;26;31;37m.[38;2;25;29;36m [38;2;35;38;43m.[38;2;63;55;59m.[38;2;103;77;64m,[38;2;213;129;80md[38;2;211;135;90md[38;2;187;133;96m=[38;2;168;132;105m=[38;2;143;119;101m=[38;2;120;109;94mc[38;2;119;106;95m/[38;2;78;70;67m'[38;2;49;45;49m.[38;2;46;44;48m.[38;2;33;35;38m.[38;2;32;38;41m.[38;2;53;38;43m.[38;2;138;39;38m'[38;2;187;35;36m,[38;2;189;35;35m,[38;2;189;35;35m,[38;2;189;35;36m,[38;2;172;35;36m,[38;2;24;26;32m [38;2;19;26;34m                [38;2;20;26;34m [0m
[0m[38;2;19;26;34m                [38;2;19;26;34m [38;2;124;33;33m.[38;2;189;35;35m,[38;2;189;35;35m,[38;2;189;35;35m,,,[38;2;188;35;37m,[38;2;79;50;49m.[38;2;41;43;45m.[38;2;52;52;55m.[38;2;47;46;50m.[38;2;40;40;45m.[38;2;36;39;44m.[38;2;39;41;45m.[38;2;40;40;45m.[38;2;31;33;40m.[38;2;40;39;44m.[38;2;61;55;55m.[38;2;73;67;65m'[38;2;93;84;79m,[38;2;49;47;51m.[38;2;58;55;58m.[38;2;47;47;51m.[38;2;33;36;40m=[38;2;29;34;39m=[38;2;77;70;70m'[38;2;148;134;114m/[38;2;223;206;165mK[38;2;254;238;188mN[38;2;237;224;177mX[38;2;255;239;188mW[38;2;249;233;184m|[38;2;129;115;99m|[38;2;225;212;171mK[38;2;253;240;188mW[38;2;235;224;177mX[38;2;252;237;188mN[38;2;236;218;175mX[38;2;170;156;129m\[38;2;100;87;79m;[38;2;41;42;45m=[38;2;29;31;38m=[38;2;44;45;49m.[38;2;53;51;54m.[38;2;50;48;49m.[38;2;103;92;85m;[38;2;93;85;80m,[38;2;68;61;61m.[38;2;49;47;50m.[38;2;32;36;40m.[38;2;41;41;46m.[38;2;38;40;45m.[38;2;36;38;42m.[38;2;38;37;42m.[38;2;44;43;47m.[38;2;48;48;52m.[38;2;43;43;47m.[38;2;59;52;51m.[38;2;164;34;36m'[38;2;189;35;35m,[38;2;189;35;35m,[38;2;189;35;35m,[38;2;189;35;35m,[38;2;191;34;35m,[38;2;71;29;34m.[38;2;19;26;34m [38;2;19;26;34m               [38;2;20;26;34m [0m
[0m[38;2;19;26;34m                [38;2;21;25;33m [38;2;168;35;36m'[38;2;189;35;35m,,,,,[38;2;189;35;36m,[38;2;175;36;37m,[38;2;132;72;61m;[38;2;87;79;71m,[38;2;61;58;61m.[38;2;55;53;57m.[38;2;39;40;46m.[38;2;23;29;37m [38;2;20;26;36m [38;2;22;28;35m [38;2;33;36;43m.[38;2;33;35;42m.[38;2;28;32;39m.[38;2;25;31;39m.[38;2;20;26;35m [38;2;26;30;38m.[38;2;74;68;69m/[38;2;141;127;112m=[38;2;160;143;122m\[38;2;120;103;93m/[38;2;203;179;147mO[38;2;220;206;164mK[38;2;231;219;174mX[38;2;247;233;183mN[38;2;248;232;182mN[38;2;210;198;159m0[38;2;140;132;109ml[38;2;207;195;158m0[38;2;245;231;183mN[38;2;246;233;185mN[38;2;247;234;186mN[38;2;199;186;148mO[38;2;228;208;166m|[38;2;128;111;96m=[38;2;147;130;112m=[38;2;143;128;111m\[38;2;96;85;78m\[38;2;33;35;40m.[38;2;19;26;34m [38;2;28;32;39m.[38;2;25;30;36m.[38;2;33;36;42m.[38;2;35;38;43m.[38;2;26;31;37m.[38;2;21;25;35m [38;2;23;27;36m [38;2;29;32;40m.[38;2;48;45;52m.[38;2;57;52;58m.[38;2;76;71;71m'[38;2;104;66;61m,[38;2;165;45;43m,[38;2;189;35;35m,[38;2;189;35;35m,,,,[38;2;189;35;36m,[38;2;114;31;36m.[38;2;20;26;35m [38;2;19;26;34m               [38;2;20;26;34m [0m
[0m[38;2;19;26;34m                [38;2;25;24;31m [38;2;183;37;39m,[38;2;189;35;35m,[38;2;189;35;35m,[38;2;189;35;35m,,,,,[38;2;189;35;34m,[38;2;193;42;38m,[38;2;176;69;59m:[38;2;129;67;60m,[38;2;68;57;54m.[38;2;52;54;55m.[38;2;36;35;44m.[38;2;35;36;42m.[38;2;33;35;42m.[38;2;29;33;39m.[38;2;27;30;36m.[38;2;24;29;36m [38;2;19;26;34m [38;2;53;56;54m|[38;2;160;154;124m\[38;2;224;217;170m=[38;2;233;222;176m=[38;2;238;224;179mX[38;2;206;188;151mO[38;2;187;168;139mk[38;2;227;206;167mK[38;2;254;239;186mN[38;2;250;235;184mN[38;2;232;220;174m/[38;2;141;129;108m\[38;2;229;212;169mK[38;2;247;233;184mN[38;2;253;238;187mN[38;2;241;226;179mX[38;2;190;170;141mk[38;2;194;177;147mk[38;2;225;213;169mK[38;2;238;227;180mX[38;2;229;217;174m=[38;2;171;163;131m/[38;2;74;77;71m,[38;2;18;26;35m [38;2;22;29;36m [38;2;26;31;38m.[38;2;23;29;36m [38;2;29;34;41m.[38;2;33;36;42m.[38;2;33;34;41m.[38;2;41;43;48m.[38;2;53;53;51m.[38;2;103;62;57m'[38;2;155;68;59m;[38;2;176;48;46m,[38;2;188;36;37m,[38;2;188;35;36m,[38;2;189;35;35m,,,,,,[38;2;128;33;35m.[38;2;19;26;34m [38;2;19;26;34m               [38;2;20;26;34m [0m
[0m[38;2;19;26;34m               [38;2;19;26;34m [38;2;23;25;32m [38;2;181;37;38m,[38;2;189;35;35m,[38;2;189;35;35m,[38;2;189;35;35m,,,,[38;2;189;35;35m,[38;2;189;35;37m,[38;2;209;40;35m;[38;2;213;39;35m;[38;2;213;40;37m;[38;2;203;39;35m;[38;2;181;65;56m:[38;2;143;60;52m,[38;2;115;54;50m'[38;2;110;51;48m'[38;2;132;64;48m,[38;2;159;81;50m:[38;2;160;82;52m:[38;2;120;65;46m,[38;2;84;76;66m,[38;2;28;32;40m.[38;2;46;50;52m|[38;2;146;142;119m\[38;2;227;216;174m=[38;2;236;222;174m/[38;2;189;170;138mk[38;2;208;193;154m0[38;2;251;238;186mN[38;2;242;229;180m/[38;2;189;175;141m|[38;2;72;65;60m|[38;2;172;157;130mx[38;2;225;212;168mK[38;2;251;238;185mN[38;2;222;207;165mK[38;2;182;166;135mx[38;2;223;209;170mK[38;2;230;220;173m/[38;2;171;166;136m/[38;2;62;66;62m'[38;2;24;30;34m [38;2;74;77;73m'[38;2;86;48;38m.[38;2;147;79;51m;[38;2;152;82;53m:[38;2;129;58;46m,[38;2;111;50;47m'[38;2;106;51;47m'[38;2;132;71;55m;[38;2;171;74;61m:[38;2;192;44;40m;[38;2;212;40;37m;[38;2;212;40;37m;[38;2;184;37;37m,[38;2;164;78;65m:[38;2;166;55;49m;[38;2;181;35;35m,[38;2;189;35;35m,[38;2;189;35;35m,[38;2;189;35;35m,[38;2;189;35;35m,[38;2;189;35;35m,[38;2;126;32;34m.[38;2;20;26;34m [38;2;19;26;34m               [38;2;20;26;34m [0m
[0m[38;2;19;26;34m               [38;2;19;26;34m [38;2;18;27;32m [38;2;157;34;34m'[38;2;190;34;35m,[38;2;189;35;35m,[38;2;189;35;35m,[38;2;185;36;35m,[38;2;176;41;38m,[38;2;156;54;49m,[38;2;122;68;57m,[38;2;141;110;87mc[38;2;182;38;34m,[38;2;212;40;34m;[38;2;212;40;36m;;[38;2;212;40;36m;[38;2;213;40;35m;[38;2;214;43;36m;[38;2;213;39;37m;[38;2;214;41;38m;[38;2;227;66;43mc[38;2;242;95;47ml[38;2;250;111;54md[38;2;132;112;87mc[38;2;64;68;60m'[38;2;21;25;33m [38;2;22;26;34m [38;2;102;100;87m\[38;2;161;145;125md[38;2;134;116;101m\[38;2;220;198;161m=[38;2;201;182;149m=[38;2;164;146;125md[38;2;172;159;131m\[38;2;73;71;64m/[38;2;172;158;131m=[38;2;161;141;121m=[38;2;189;170;139m=[38;2;217;197;160m/[38;2;144;124;108ml[38;2;152;138;119mo[38;2;132;125;107m/[38;2;21;30;34m [38;2;18;26;34m [38;2;61;67;63m'[38;2;101;100;86m:[38;2;204;88;46mc[38;2;235;83;46ml[38;2;222;54;39m:[38;2;214;39;34m;[38;2;213;39;34m;[38;2;212;40;35m;[38;2;214;43;37m;[38;2;216;48;38m;[38;2;213;40;36m;[38;2;212;40;37m;[38;2;212;39;38m;[38;2;183;36;37m,[38;2;172;122;100mo[38;2;115;97;86m:[38;2;70;61;53m.[38;2;92;51;47m.[38;2;135;32;34m.[38;2;188;35;35m,[38;2;189;35;35m,[38;2;189;35;35m,[38;2;100;31;35m.[38;2;19;26;33m [38;2;19;26;34m [38;2;19;26;34m              [38;2;20;26;34m [0m
[0m[38;2;19;26;34m                [38;2;19;26;34m [38;2;106;32;34m.[38;2;185;35;34m,[38;2;156;37;38m'[38;2;105;38;41m.[38;2;61;49;47m.[38;2;66;61;55m.[38;2;90;76;70m,[38;2;152;123;107ml[38;2;157;58;52m,[38;2;194;38;35m,[38;2;212;40;36m;[38;2;212;40;36m;;[38;2;212;40;36m;[38;2;228;63;40m:[38;2;233;71;43mc[38;2;212;40;37m;[38;2;212;40;36m;[38;2;212;40;36m;[38;2;212;40;36m;[38;2;217;51;41m:[38;2;156;126;102ml[38;2;116;115;94mc[38;2;57;61;55m=[38;2;41;44;48m=[38;2;29;33;39m/[38;2;101;89;83m;[38;2;81;72;69m'[38;2;77;69;66m'[38;2;66;62;61m|[38;2;219;200;164m0[38;2;255;239;186mN[38;2;198;190;150mO[38;2;253;238;185mN[38;2;242;226;180m|[38;2;91;84;74m,[38;2;65;61;59m.[38;2;78;70;68m'[38;2;108;96;90m:[38;2;45;46;46m.[38;2;36;42;43m=[38;2;43;48;46m/[38;2;96;95;83m;[38;2;161;154;125m/[38;2;196;42;40m;[38;2;214;39;36m;[38;2;213;39;36m;[38;2;212;40;36m;[38;2;212;40;36m;[38;2;212;41;37m;[38;2;215;45;38m;[38;2;218;50;40m:[38;2;213;40;39m;[38;2;213;39;38m;[38;2;208;39;38m;[38;2;190;34;36m,[38;2;153;52;47m,[38;2;121;105;97m:[38;2;130;109;96mc[38;2;41;40;42m.[38;2;20;26;33m [38;2;76;29;36m.[38;2;136;33;34m'[38;2;188;35;35m,[38;2;49;28;32m.[38;2;18;27;34m [38;2;18;27;34m [38;2;19;26;34m              [38;2;20;26;34m [0m
[0m[38;2;19;26;34m               [38;2;19;26;34m [38;2;21;28;36m [38;2;46;37;41m.[38;2;51;40;41m.[38;2;30;36;40m.[38;2;19;26;33m [38;2;39;41;42m.[38;2;120;96;88m:[38;2;133;108;96mc[38;2;125;90;78m:[38;2;189;37;37m,[38;2;191;36;35m,[38;2;205;39;36m;[38;2;212;40;36m;[38;2;212;40;36m;[38;2;212;40;36m;[38;2;205;40;35m;[38;2;154;48;44m,[38;2;196;39;38m,[38;2;214;47;38m;[38;2;213;41;36m;[38;2;214;45;36m;[38;2;212;40;35m;[38;2;162;45;40m,[38;2;151;131;111m=[38;2;158;149;124m=[38;2;142;131;115m=[38;2;113;99;93m:[38;2;73;66;65m'[38;2;70;64;62m'[38;2;103;98;87m\[38;2;35;39;41m|[38;2;219;203;163mK[38;2;255;238;188mN[38;2;215;206;162mK[38;2;252;236;185mN[38;2;244;229;180m|[38;2;67;65;59m'[38;2;83;81;72m=[38;2;99;88;79m;[38;2;77;70;68m'[38;2;98;86;83m;[38;2;136;124;110m=[38;2;159;151;126m=[38;2;151;143;119m/[38;2;143;65;58m;[38;2;213;39;35m;[38;2;212;40;36m;[38;2;212;40;36m;[38;2;212;39;38m;[38;2;211;43;38m;[38;2;212;40;37m;[38;2;212;40;36m;[38;2;212;40;36m;[38;2;178;45;42m,[38;2;196;39;38m,[38;2;193;36;35m,[38;2;190;34;36m,[38;2;181;37;38m,[38;2;147;123;97ml[38;2;127;105;97mc[38;2;123;103;94m|[38;2;25;28;33m [38;2;20;27;35m [38;2;28;32;39m.[38;2;68;35;38m.[38;2;20;27;32m [38;2;20;28;35m [38;2;19;26;34m [38;2;19;26;34m              [38;2;20;26;34m [0m
[0m[38;2;19;26;34m               [38;2;19;26;34m [38;2;26;31;38m.[38;2;29;34;41m.[38;2;25;30;39m.[38;2;21;26;35m [38;2;33;36;39m.[38;2;96;79;72m,[38;2;88;77;71m,[38;2;84;72;64m'[38;2;135;57;52m,[38;2;190;36;36m,[38;2;189;35;35m,[38;2;190;35;34m,[38;2;204;39;35m;[38;2;204;40;36m;[38;2;132;35;34m'[38;2;46;30;35m/[38;2;130;109;96mc[38;2;158;75;61m;[38;2;211;40;36m;[38;2;213;40;36m;[38;2;221;57;39m:[38;2;212;40;35m;[38;2;196;38;36m,[38;2;78;34;40m.[38;2;22;29;37m [38;2;30;32;40m.[38;2;53;51;55m.[38;2;38;39;42m.[38;2;87;78;69m|[38;2;212;192;155m/[38;2;107;95;84m/[38;2;186;173;140mk[38;2;255;239;189mW[38;2;218;210;163mK[38;2;248;236;185mN[38;2;239;226;179m|[38;2;75;71;63m/[38;2;200;186;150m/[38;2;118;106;91m:[38;2;46;46;49m.[38;2;46;47;50m=[38;2;33;36;41m.[38;2;28;33;39m.[38;2;42;28;37m.[38;2;182;40;37m,[38;2;212;39;36m;[38;2;213;39;36m;[38;2;213;40;37m;[38;2;212;40;36m;[38;2;212;40;36m;[38;2;212;40;36m;[38;2;212;40;36m;[38;2;203;41;39m;[38;2;161;128;102m|[38;2;50;38;42m=[38;2;112;31;36m.[38;2;188;35;35m,[38;2;190;34;36m,[38;2;134;52;50m,[38;2;101;91;77m;[38;2;119;99;90m:[38;2;34;35;38m.[38;2;19;26;34m [38;2;27;32;39m.[38;2;31;36;41m.[38;2;21;26;32m [38;2;27;31;37m.[38;2;26;31;37m.[38;2;21;26;33m [38;2;20;26;34m [38;2;19;26;34m            [38;2;20;26;34m [0m
[0m[38;2;19;26;34m                [38;2;20;25;34m [38;2;26;30;38m.[38;2;27;32;39m.[38;2;21;25;35m [38;2;80;68;69m'[38;2;131;108;98mc[38;2;144;123;105ml[38;2;76;72;65m'[38;2;158;33;36m'[38;2;190;35;37m,[38;2;189;35;35m,[38;2;189;35;35m,[38;2;166;35;35m'[38;2;57;29;33m.[38;2;18;26;35m [38;2;94;82;75m,[38;2;147;119;103ml[38;2;174;86;71mc[38;2;212;40;35m;[38;2;212;40;36m;[38;2;212;40;36m;[38;2;208;40;38m;[38;2;110;37;37m.[38;2;26;28;33m [38;2;20;25;34m [38;2;21;25;35m [38;2;108;94;89m;[38;2;104;88;79m;[38;2;126;109;95mc[38;2;149;126;108ml[38;2;183;166;137mx[38;2;170;162;134mx[38;2;249;237;185mN[38;2;204;197;154m0[38;2;252;236;185mN[38;2;211;199;157m0[38;2;180;170;136mk[38;2;161;137;115mo[38;2;108;92;84m;[38;2;111;97;89m:[38;2;149;127;116m|[38;2;22;24;32m [38;2;21;25;34m [38;2;20;25;36m [38;2;83;33;39m.[38;2;196;38;38m,[38;2;212;39;36m;[38;2;212;40;36m;[38;2;212;40;36m;[38;2;212;40;36m;[38;2;189;39;37m,[38;2;207;40;37m;[38;2;214;39;37m;[38;2;146;101;84mc[38;2;143;115;99m|[38;2;43;44;44m.[38;2;84;29;31m.[38;2;183;35;35m,[38;2;170;34;36m'[38;2;118;93;76m;[38;2;113;97;93m:[38;2;90;79;76m,[38;2;95;86;76m;[38;2;18;26;35m [38;2;22;30;38m [38;2;26;32;41m.[38;2;24;30;38m [38;2;20;26;34m [38;2;19;26;34m [38;2;19;26;34m [38;2;19;26;34m            [38;2;20;26;34m [0m
[0m[38;2;19;26;34m                [38;2;25;29;38m.[38;2;28;33;39m.[38;2;21;25;34m [38;2;21;25;36m [38;2;24;29;38m [38;2;69;62;65m'[38;2;114;98;94m:[38;2;127;109;90mc[38;2;177;36;38m,[38;2;190;36;37m,[38;2;127;37;38m'[38;2;95;31;33m.[38;2;23;27;32m [38;2;19;26;34m [38;2;19;26;35m [38;2;96;81;80m,[38;2;130;110;91mc[38;2;181;48;44m;[38;2;211;41;35m;[38;2;212;40;36m;[38;2;197;39;37m,[38;2;97;37;40m.[38;2;42;41;46m.[38;2;25;29;35m [38;2;21;26;33m [38;2;21;25;33m [38;2;79;72;68m'[38;2;139;119;107m=[38;2;151;127;114ml[38;2;108;95;85m;[38;2;156;148;119md[38;2;164;156;127m\[38;2;249;236;185mN[38;2;210;200;155m0[38;2;250;234;184mN[38;2;213;200;159m0[38;2;157;151;124m/[38;2;125;107;94mc[38;2;126;109;98mc[38;2;141;121;108m=[38;2;117;103;95m/[38;2;20;26;30m [38;2;21;26;32m [38;2;23;26;36m [38;2;34;36;46m.[38;2;74;36;42m.[38;2;180;38;38m,[38;2;213;39;36m;[38;2;213;39;37m;[38;2;194;38;36m,[38;2;156;126;108m|[38;2;80;42;45m.[38;2;182;41;39m,[38;2;139;108;90mc[38;2;110;96;88m:[38;2;113;99;89m/[38;2;23;28;34m [38;2;40;27;33m.[38;2;77;33;38m.[38;2;78;38;41m|[38;2;152;131;104mo[38;2;110;96;91m:[38;2;141;120;111m/[38;2;53;52;57m.[38;2;19;26;36m [38;2;26;32;40m.[38;2;25;30;37m.[38;2;20;26;33m [38;2;19;26;34m              [38;2;20;26;34m [0m
[0m[38;2;19;26;34m                [38;2;21;25;34m [38;2;20;25;33m [38;2;25;29;37m [38;2;24;29;39m [38;2;54;50;54m.[38;2;119;100;90m:[38;2;127;106;97mc[38;2;163;141;111m|[38;2;93;30;34m.[38;2;56;28;35m.[38;2;26;28;36m [38;2;27;30;37m.[38;2;28;32;38m.[38;2;36;38;41m.[38;2;51;49;51m/[38;2;105;92;85m;[38;2;109;94;76m;[38;2;189;40;37m,[38;2;212;40;35m;[38;2;164;36;35m'[38;2;58;29;36m.[38;2;28;33;40m.[38;2;32;35;42m.[38;2;27;32;39m.[38;2;20;27;34m [38;2;20;26;34m [38;2;20;26;33m [38;2;32;34;41m.[38;2;71;66;63m'[38;2;105;96;84m;[38;2;130;123;108ml[38;2;119;117;97m\[38;2;229;217;171m/[38;2;150;138;116m\[38;2;226;215;172m=[38;2;175;166;134m/[38;2;83;79;70m,[38;2;142;129;110m\[38;2;74;66;63m'[38;2;46;47;50m.[38;2;21;27;35m [38;2;19;26;34m [38;2;21;25;34m [38;2;25;30;38m.[38;2;36;37;47m.[38;2;31;32;42m.[38;2;42;27;33m.[38;2;146;36;37m'[38;2;205;39;37m;[38;2;175;37;36m,[38;2;123;109;97mc[38;2;98;85;80m;[38;2;38;28;33m.[38;2;118;99;83m:[38;2;111;96;89m:[38;2;77;69;64m'[38;2;32;34;37m.[38;2;21;26;32m [38;2;29;34;40m.[38;2;26;29;35m [38;2;78;73;67m'[38;2;85;76;74m,[38;2;52;50;55m.[38;2;28;32;40m.[38;2;25;29;39m [38;2;20;26;35m [38;2;19;26;34m [38;2;19;26;34m [38;2;19;26;34m              [38;2;20;26;34m [0m
[0m[38;2;19;26;34m                [38;2;22;28;36m [38;2;32;38;43m.[38;2;27;33;40m.[38;2;21;27;35m [38;2;99;81;82m,[38;2;101;86;87m;[38;2;111;93;96m:[38;2;138;118;103m|[38;2;34;34;37m.[38;2;21;27;34m [38;2;24;28;36m [38;2;24;27;33m [38;2;22;25;31m [38;2;115;97;87m:[38;2;137;118;102ml[38;2;147;128;108ml[38;2;96;60;53m'[38;2;211;39;40m;[38;2;136;34;36m'[38;2;28;28;36m [38;2;22;29;39m [38;2;22;28;36m [38;2;31;34;41m.[38;2;33;36;43m.[38;2;27;31;39m.[38;2;20;26;34m [38;2;19;26;34m [38;2;19;26;34m [38;2;19;26;32m|[38;2;128;125;104ml[38;2;188;172;148m|[38;2;20;26;32m [38;2;81;83;73m,[38;2;65;64;60m'[38;2;93;92;82m/[38;2;24;31;33m|[38;2;131;119;101mc[38;2;186;179;145m|[38;2;27;29;34m.[38;2;19;26;32m [38;2;19;26;34m [38;2;19;26;34m [38;2;22;26;34m [38;2;25;30;38m.[38;2;32;34;44m.[38;2;24;28;37m [38;2;26;31;39m.[38;2;25;28;35m [38;2;93;31;35m.[38;2;153;33;33m\[38;2;162;140;116m/[38;2;104;91;88m;[38;2;52;52;54m.[38;2;65;64;57m.[38;2;63;59;58m.[38;2;83;75;71m,[38;2;21;26;32m [38;2;21;26;32m [38;2;26;30;37m.[38;2;31;34;41m.[38;2;31;34;39m.[38;2;56;54;54m.[38;2;22;26;34m [38;2;24;30;38m.[38;2;21;28;36m [38;2;19;26;34m [38;2;19;26;34m [38;2;19;26;34m               [38;2;20;26;34m [0m
[0m[38;2;19;26;34m              [38;2;19;26;34m [38;2;24;30;38m.[38;2;21;28;35m [38;2;19;26;34m [38;2;19;26;34m [38;2;23;28;36m [38;2;23;28;36m [38;2;28;33;41m.[38;2;90;80;83m,[38;2;143;126;110m/[38;2;27;28;31m [38;2;20;27;33m [38;2;27;34;40m.[38;2;23;29;35m [38;2;18;25;30m [38;2;83;73;74m,[38;2;98;85;88m;[38;2;121;103;99m:[38;2;112;75;66m,[38;2;78;30;36m.[38;2;20;26;34m [38;2;21;28;37m [38;2;20;27;37m [38;2;21;26;36m [38;2;30;34;42m.[38;2;36;38;45m.[38;2;33;35;42m.[38;2;31;32;41m.[38;2;20;27;34m [38;2;19;26;34m [38;2;19;26;34m|[38;2;139;134;112ml[38;2;153;141;120m|[38;2;29;33;37m.[38;2;26;32;36m.[38;2;39;41;45m.[38;2;39;40;44m.[38;2;25;30;35m/[38;2;83;78;71m|[38;2;207;197;156m|[38;2;22;27;34m [38;2;19;26;33m [38;2;19;26;34m [38;2;24;30;37m.[38;2;31;35;40m.[38;2;32;35;42m.[38;2;26;32;39m.[38;2;22;27;36m [38;2;24;28;37m [38;2;26;30;39m.[38;2;22;28;36m [38;2;36;28;33m.[38;2;77;71;63m'[38;2;62;59;63m.[38;2;36;39;46m.[38;2;77;72;65m'[38;2;133;115;104mc[38;2;84;73;67m,[38;2;71;65;60m'[38;2;21;26;32m [38;2;21;27;33m [38;2;28;33;39m.[38;2;27;32;39m.[38;2;20;26;34m [38;2;20;26;34m [38;2;19;26;34m [38;2;25;31;37m=[38;2;44;43;47m.[38;2;40;41;45m.[38;2;18;26;32m [38;2;19;26;34m [38;2;19;26;34m             [38;2;20;26;34m [0m
[0m[38;2;19;26;34m              [38;2;19;26;34m [38;2;23;26;36m [38;2;32;34;40m.[38;2;21;27;33m [38;2;19;26;34m [38;2;24;28;37m [38;2;23;27;36m [38;2;22;28;37m [38;2;34;37;45m.[38;2;52;51;51m.[38;2;22;26;34m=[38;2;22;26;35m [38;2;22;27;35m [38;2;21;26;35m [38;2;21;26;34m [38;2;51;50;53m.[38;2;107;93;86m;[38;2;109;95;86m;[38;2;91;83;74m,[38;2;22;26;36m [38;2;21;26;36m [38;2;20;25;35m [38;2;20;26;35m [38;2;20;25;35m [38;2;25;30;38m.[38;2;28;32;39m.[38;2;27;31;38m.[38;2;30;33;40m.[38;2;32;34;42m.[38;2;26;31;40m.[38;2;19;26;34m [38;2;96;93;82m\[38;2;164;153;127m|[38;2;63;58;55m.[38;2;101;88;81m;[38;2;67;61;57m.[38;2;118;101;90m:[38;2;95;87;83m;[38;2;94;91;81m/[38;2;171;162;131m|[38;2;20;25;35m [38;2;19;27;34m [38;2;32;36;44m.[38;2;29;32;38m.[38;2;28;32;37m.[38;2;30;34;40m.[38;2;28;31;38m.[38;2;21;25;34m [38;2;20;25;34m [38;2;20;26;34m [38;2;21;26;35m [38;2;21;28;36m [38;2;19;26;34m [38;2;20;27;36m [38;2;36;38;44m/[38;2;133;107;94mc[38;2;141;119;103ml[38;2;158;133;119m/[38;2;88;79;75m/[38;2;20;27;35m [38;2;29;32;40m.[38;2;20;25;33m [38;2;23;28;36m [38;2;19;26;34m [38;2;19;26;34m [38;2;29;35;39m|[38;2;142;113;102m/[38;2;100;82;77m/[38;2;23;30;36m [38;2;19;26;32m [38;2;19;26;34m [38;2;19;26;34m             [38;2;20;26;34m [0m
[0m[38;2;19;26;34m               [38;2;20;26;35m [38;2;22;27;35m [38;2;20;27;34m [38;2;19;26;34m [38;2;20;26;35m [38;2;32;34;40m.[38;2;44;44;45m.[38;2;53;51;51m.[38;2;103;85;76m;[38;2;130;103;90m=[38;2;110;91;84m;[38;2;81;72;67m'[38;2;30;34;38m.[38;2;22;28;35m [38;2;78;71;72m'[38;2;105;92;93m;[38;2;109;95;90m;[38;2;118;104;89m/[38;2;22;26;35m [38;2;19;26;34m [38;2;19;26;34m  [38;2;19;26;34m [38;2;20;26;34m [38;2;23;28;37m [38;2;25;29;37m [38;2;25;29;35m [38;2;26;30;37m.[38;2;22;28;36m [38;2;19;26;34m [38;2;45;46;46m|[38;2;202;189;151m|[38;2;55;51;51m.[38;2;67;63;62m'[38;2;23;28;34m [38;2;59;57;57m.[38;2;51;48;50m|[38;2;167;155;131md[38;2;112;105;91m/[38;2;20;25;34m [38;2;20;26;34m [38;2;25;29;37m [38;2;27;31;38m.[38;2;25;30;36m [38;2;24;29;35m [38;2;22;27;33m [38;2;21;25;34m [38;2;19;26;34m [38;2;19;26;34m   [38;2;19;26;34m [38;2;37;40;41m|[38;2;141;117;108ml[38;2;132;109;103mc[38;2;89;77;74m,[38;2;40;42;43m.[38;2;21;26;33m [38;2;20;26;35m [38;2;28;33;39m.[38;2;23;28;35m [38;2;21;25;34m [38;2;19;26;34m [38;2;19;26;34m [38;2;36;38;44m.[38;2;44;44;49m.[38;2;24;30;37m [38;2;18;26;34m [38;2;19;26;34m [38;2;19;26;34m              [38;2;20;26;34m [0m
[0m[38;2;19;26;34m                   [38;2;27;32;39m.[38;2;25;30;36m.[38;2;19;25;32m [38;2;19;26;34m [38;2;19;26;35m [38;2;19;26;34m [38;2;62;59;57m.[38;2;120;103;93m=[38;2;83;72;64m'[38;2;19;27;34m [38;2;21;26;33m [38;2;31;36;41m=[38;2;47;46;49m.[38;2;41;41;43m.[38;2;21;24;32m=[38;2;20;25;34m=[38;2;20;26;34m=[38;2;20;26;34m [38;2;20;26;34m [38;2;20;26;34m [38;2;20;25;34m [38;2;21;27;35m [38;2;19;26;34m [38;2;20;26;34m [38;2;19;26;34m [38;2;19;26;34m [38;2;22;27;32m|[38;2;158;153;125m/[38;2;40;45;44m.[38;2;20;27;34m [38;2;19;26;34m [38;2;19;26;34m [38;2;20;27;32m|[38;2;164;161;134m/[38;2;33;38;42m.[38;2;19;27;34m [38;2;19;26;34m [38;2;20;25;34m [38;2;20;26;34m [38;2;20;26;33m [38;2;21;27;34m [38;2;20;26;33m [38;2;20;26;34m [38;2;19;26;34m [38;2;19;26;34m=[38;2;19;26;34m=[38;2;19;26;34m=[38;2;18;26;34m/[38;2;61;59;57m.[38;2;83;74;76m,[38;2;54;51;54m.[38;2;25;30;34m [38;2;24;30;36m.[38;2;22;29;35m [38;2;20;25;34m [38;2;24;30;38m.[38;2;25;31;37m.[38;2;23;28;36m [38;2;19;26;34m [38;2;19;26;34m                    [38;2;20;26;34m [0m
[0m[38;2;19;26;34m                   [38;2;19;26;34m [38;2;18;25;33m [38;2;19;26;34m [38;2;19;26;34m  [38;2;19;26;34m [38;2;18;27;33m [38;2;19;27;33m [38;2;35;39;42m.[38;2;39;41;40m.[38;2;98;84;67m,[38;2;144;118;89ml[38;2;119;99;80m:[38;2;86;76;64m/[38;2;154;125;104ml[38;2;177;140;115md[38;2;166;136;109mo[38;2;81;72;64m'[38;2;20;26;34m [38;2;20;26;34m [38;2;19;26;34m      [38;2;21;26;34m [38;2;28;33;38m.[38;2;53;59;57m.[38;2;20;27;33m [38;2;19;26;34m [38;2;19;26;34m [38;2;27;34;38m.[38;2;49;53;53m.[38;2;19;26;33m [38;2;19;26;34m [38;2;19;26;34m      [38;2;19;26;34m [38;2;24;30;36m|[38;2;144;120;100ml[38;2;166;134;110mo[38;2;177;142;116md[38;2;120;101;85m:[38;2;85;77;65m=[38;2;132;104;79m:[38;2;140;109;80mc[38;2;85;72;57m'[38;2;33;35;38m.[38;2;21;26;33m [38;2;21;25;34m [38;2;33;36;45m.[38;2;23;27;34m [38;2;21;26;34m [38;2;19;26;34m [38;2;19;26;34m                    [38;2;20;26;34m [0m
[0m[38;2;19;26;34m                         [38;2;19;26;33m [38;2;42;44;43m.[38;2;77;65;52m'[38;2;97;80;61m,[38;2;114;91;70m;[38;2;97;78;59m\[38;2;174;140;112m=[38;2;177;144;120m/[38;2;127;110;90mc[38;2;148;119;103ml[38;2;190;149;124mx[38;2;138;118;96m|[38;2;22;25;36m [38;2;20;25;35m [38;2;24;29;36m [38;2;78;68;65m'[38;2;23;30;37m [38;2;19;26;35m [38;2;19;26;34m      [38;2;19;26;34m [38;2;19;26;34m [38;2;19;26;34m [38;2;19;26;34m      [38;2;19;26;34m [38;2;30;34;39m.[38;2;60;59;56m.[38;2;20;26;34m [38;2;61;57;52m/[38;2;169;141;114md[38;2;164;136;113mo[38;2;111;93;83m;[38;2;155;123;104ml[38;2;186;147;122m=[38;2;153;122;95m/[38;2;99;80;62m,[38;2;112;88;68m;[38;2;103;84;65m;[38;2;68;60;51m.[38;2;42;40;41m.[38;2;24;28;36m [38;2;20;25;34m  [38;2;19;26;34m [38;2;19;26;34m                    [38;2;20;26;34m [0m
[0m[38;2;19;26;34m                         [38;2;22;28;35m [38;2;23;29;35m [38;2;19;26;34m  [38;2;22;29;35m [38;2;26;30;37m.[38;2;38;39;43m.[38;2;73;66;63m'[38;2;64;59;57m.[38;2;98;83;77m\[38;2;181;145;124m=[38;2;143;121;102m/[38;2;52;51;50m.[38;2;25;29;37m.[38;2;88;78;75m,[38;2;142;115;100m|[38;2;48;48;48m.[38;2;19;27;34m [38;2;19;26;34m [38;2;28;27;34m [38;2;27;27;33m [38;2;19;26;34m [38;2;46;28;34m.[38;2;79;30;36m.[38;2;99;32;37m.[38;2;102;32;37m.[38;2;97;32;36m.[38;2;74;30;34m.[38;2;34;27;32m.[38;2;41;28;33m.[38;2;69;30;35m.[38;2;19;27;33m [38;2;19;26;34m [38;2;19;26;34m [38;2;98;86;74m;[38;2;121;100;96m:[38;2;58;55;57m.[38;2;112;101;82m:[38;2;145;122;110m=[38;2;136;110;101m/[38;2;67;63;60m'[38;2;89;75;71m,[38;2;77;67;62m'[38;2;29;33;37m.[38;2;25;30;38m.[38;2;20;26;36m [38;2;20;27;35m [38;2;20;27;34m [38;2;20;27;33m [38;2;22;28;36m [38;2;19;26;34m [38;2;19;26;34m                      [38;2;20;26;34m [0m
[0m[38;2;19;26;34m                            [38;2;19;26;34m [38;2;21;28;35m [38;2;20;26;33m [38;2;25;30;37m [38;2;20;25;33m [38;2;31;34;39m.[38;2;43;44;48m.[38;2;46;46;49m.[38;2;46;45;49m.[38;2;48;48;50m.[38;2;76;70;66m'[38;2;130;114;98mc[38;2;162;142;114m/[38;2;24;26;36m [38;2;21;26;36m [38;2;19;26;34m [38;2;30;26;33m [38;2;184;38;39m,[38;2;150;36;37m'[38;2;161;37;36m'[38;2;72;30;36m.[38;2;34;28;35m.[38;2;28;27;34m [38;2;42;29;35m.[38;2;125;34;36m.[38;2;166;38;37m,[38;2;195;39;35m,[38;2;109;34;34m.[38;2;20;26;34m [38;2;19;26;34m [38;2;20;26;34m [38;2;74;66;63m'[38;2;92;80;74m,[38;2;69;65;61m'[38;2;60;59;59m.[38;2;48;46;52m.[38;2;38;38;42m.[38;2;50;47;49m.[38;2;19;24;32m [38;2;21;28;36m [38;2;20;27;35m [38;2;18;26;34m [38;2;23;29;37m [38;2;20;27;35m [38;2;19;26;34m                          [38;2;20;26;34m [0m
[0m[38;2;19;26;34m                                [38;2;22;26;35m [38;2;38;41;45m.[38;2;21;27;35m [38;2;41;43;48m.[38;2;29;33;37m.[38;2;33;35;39m.[38;2;73;66;68m'[38;2;91;79;81m,[38;2;91;85;71m,[38;2;24;27;33m [38;2;22;26;34m [38;2;24;26;33m [38;2;146;38;37m'[38;2;85;30;36m.[38;2;153;36;36m'[38;2;67;30;34m.[38;2;133;43;38m'[38;2;114;33;36m=[38;2;117;34;36m=[38;2;142;36;37m=[38;2;65;30;34m.[38;2;81;31;33m.[38;2;104;33;36m.[38;2;107;34;34m.[38;2;131;34;38m.[38;2;20;26;33m [38;2;20;26;35m [38;2;90;84;72m,[38;2;132;115;101m=[38;2;114;99;97m/[38;2;37;40;44m.[38;2;40;43;45m.[38;2;31;35;39m.[38;2;30;34;38m.[38;2;36;38;42m.[38;2;21;26;32m [38;2;20;26;33m [38;2;19;26;34m                             [38;2;20;26;34m [0m
[0m[38;2;19;26;34m                              [38;2;19;26;34m [38;2;19;26;33m [38;2;34;36;41m.[38;2;47;46;48m.[38;2;98;82;74m,[38;2;116;95;82m:[38;2;83;69;62m'[38;2;47;46;49m=[38;2;32;34;41m.[38;2;28;30;37m.[38;2;44;47;46m.[38;2;22;27;34m [38;2;21;26;34m [38;2;88;32;34m.[38;2;124;33;35m.[38;2;19;26;33m [38;2;68;29;35m.[38;2;145;36;36m'[38;2;125;58;42m|[38;2;212;141;65md[38;2;213;154;65mx[38;2;213;125;61m|[38;2;129;38;38m'[38;2;159;38;38m'[38;2;50;27;32m.[38;2;19;26;32m [38;2;164;36;37m'[38;2;52;29;32m.[38;2;19;26;33m [38;2;63;61;60m.[38;2;37;39;45m.[38;2;46;46;49m.[38;2;43;44;44m=[38;2;86;78;66m,[38;2;121;107;85m:[38;2;103;92;75m;[38;2;46;45;43m.[38;2;36;37;40m.[38;2;21;26;34m [38;2;19;26;34m [38;2;19;26;34m                            [38;2;20;26;34m [0m
[0m[38;2;19;26;34m                              [38;2;31;36;41m.[38;2;44;43;45m.[38;2;27;32;37m.[38;2;21;28;36m [38;2;33;36;40m.[38;2;108;90;82m\[38;2;160;133;117m=[38;2;179;145;125m/[38;2;69;60;57m.[38;2;20;26;34m [38;2;20;25;34m [38;2;19;26;34m [38;2;19;26;34m [38;2;81;31;36m.[38;2;139;35;38m'[38;2;123;34;35m.[38;2;101;32;34m.[38;2;88;45;38m.[38;2;114;60;46m|[38;2;209;152;66m=[38;2;232;169;71m=[38;2;185;136;63m/[38;2;158;43;40m,[38;2;62;29;35m.[38;2;118;33;35m.[38;2;139;35;36m'[38;2;188;38;36m,[38;2;58;28;34m.[38;2;18;26;34m [38;2;19;26;34m [38;2;19;26;34m [38;2;89;83;72m\[38;2;186;160;130m=[38;2;152;129;109m/[38;2;107;94;79m/[38;2;39;41;41m.[38;2;21;27;33m [38;2;28;32;36m.[38;2;45;46;46m.[38;2;36;38;42m.[38;2;19;25;34m [38;2;19;26;34m                           [38;2;20;26;34m [0m
[0m[38;2;19;26;34m                              [38;2;19;26;34m [38;2;20;27;35m [38;2;19;26;34m [38;2;20;27;35m [38;2;20;26;33m [38;2;23;26;33m [38;2;59;55;56m.[38;2;60;57;56m.[38;2;23;29;33m [38;2;23;29;34m [38;2;21;26;33m [38;2;21;25;34m [38;2;24;26;35m [38;2;72;31;37m.[38;2;128;35;36m.[38;2;171;39;37m,[38;2;90;32;35m.[38;2;84;32;36m.[38;2;90;31;36m.[38;2;161;38;39m'[38;2;80;31;34m.[38;2;167;38;38m,[38;2;97;32;36m.[38;2;83;31;37m.[38;2;102;33;36m.[38;2;184;39;37m,[38;2;102;32;34m.[38;2;73;30;36m.[38;2;24;26;35m [38;2;20;26;36m [38;2;20;25;36m [38;2;30;33;40m.[38;2;64;60;61m.[38;2;56;56;57m.[38;2;20;26;33m [38;2;20;26;34m [38;2;19;26;34m [38;2;19;26;34m [38;2;19;26;34m [38;2;19;26;34m [38;2;19;26;34m [38;2;19;26;34m                           [38;2;20;26;34m [0m
[0m[38;2;19;26;34m                                  [38;2;19;26;34m [38;2;19;26;34m [38;2;19;26;34m [38;2;19;26;34m [38;2;19;26;34m [38;2;19;26;34m [38;2;19;26;34m [38;2;19;26;34m [38;2;19;26;34m [38;2;19;26;34m [38;2;19;26;34m [38;2;65;30;35m.[38;2;117;34;37m.[38;2;110;33;36m.[38;2;83;32;33m.[38;2;143;35;35m'[38;2;164;37;37m'[38;2;151;35;37m'[38;2;94;33;34m.[38;2;113;33;35m.[38;2;113;33;36m.[38;2;39;28;33m.[38;2;18;27;34m [38;2;18;27;34m [38;2;19;26;34m   [38;2;19;26;34m [38;2;19;26;34m [38;2;19;26;34m [38;2;19;26;34m [38;2;19;26;34m                                 [38;2;20;26;34m [0m
[0m[38;2;19;26;34m                                            [38;2;19;26;34m [38;2;19;26;34m [38;2;20;26;34m [38;2;23;26;33m [38;2;51;28;35m.[38;2;65;30;32m.[38;2;163;39;36m,[38;2;65;30;34m.[38;2;42;28;35m.[38;2;20;26;35m [38;2;19;26;34m [38;2;19;26;34m [38;2;19;26;34m [38;2;19;26;34m [38;2;19;26;34m                                        [38;2;20;26;34m [0m
[0m[38;2;19;26;34m                                               [38;2;19;26;34m [38;2;19;26;34m [38;2;20;26;33m [38;2;27;27;32m [38;2;21;26;34m [38;2;21;25;34m [38;2;21;25;34m [38;2;21;25;34m [38;2;20;25;34m [38;2;19;26;34m                                          [38;2;20;26;34m [0m
[0m[38;2;21;27;35m                                                 [38;2;22;27;34m [38;2;22;27;34m [38;2;22;26;35m [38;2;22;26;35m   [38;2;22;26;35m [38;2;21;27;35m                                          [38;2;22;27;35m [0m




